Query: 02-4
Precision: 0.133
Recall: 0.500
F1: 0.211
Precision@10: 0.200
Average Precision: 0.750
recall_percision
0.250 1.000
0.500 0.500
interpolate recall_percision
0.000 1.000
0.100 1.000
0.200 1.000
0.300 0.500
0.400 0.500
0.500 0.500
0.600 0.000
0.700 0.000
0.800 0.000
0.900 0.000
1.000 0.000
Query: 05-5
Precision: 0.067
Recall: 0.143
F1: 0.091
Precision@10: 0.000
Average Precision: 0.071
recall_percision
0.143 0.071
interpolate recall_percision
0.000 0.071
0.100 0.071
0.200 0.000
0.300 0.000
0.400 0.000
0.500 0.000
0.600 0.000
0.700 0.000
0.800 0.000
0.900 0.000
1.000 0.000
Query: 07-2
Precision: 0.867
Recall: 0.481
F1: 0.619
Precision@10: 0.900
Average Precision: 0.958
recall_percision
0.037 1.000
0.074 1.000
0.111 1.000
0.148 1.000
0.185 1.000
0.222 1.000
0.259 1.000
0.296 1.000
0.333 0.900
0.370 0.909
0.407 0.917
0.444 0.857
0.481 0.867
interpolate recall_percision
0.000 1.000
0.100 1.000
0.200 1.000
0.300 0.917
0.400 0.917
0.500 0.000
0.600 0.000
0.700 0.000
0.800 0.000
0.900 0.000
1.000 0.000
Query: 09-3
Precision: 0.200
Recall: 0.063
F1: 0.095
Precision@10: 0.300
Average Precision: 0.403
recall_percision
0.021 0.333
0.042 0.500
0.063 0.375
interpolate recall_percision
0.000 0.500
0.100 0.000
0.200 0.000
0.300 0.000
0.400 0.000
0.500 0.000
0.600 0.000
0.700 0.000
0.800 0.000
0.900 0.000
1.000 0.000
Query: 13-2
Precision: 0.133
Recall: 0.133
F1: 0.133
Precision@10: 0.200
Average Precision: 0.183
recall_percision
0.067 0.167
0.133 0.200
interpolate recall_percision
0.000 0.200
0.100 0.200
0.200 0.000
0.300 0.000
0.400 0.000
0.500 0.000
0.600 0.000
0.700 0.000
0.800 0.000
0.900 0.000
1.000 0.000
Total
Precision: 0.280
Recall: 0.264
F1: 0.272
Precision@10: 0.320
Map: 0.473
interpolate recall_percision
0.000 0.554
0.100 0.454
0.200 0.400
0.300 0.283
0.400 0.283
0.500 0.100
0.600 0.000
0.700 0.000
0.800 0.000
0.900 0.000
1.000 0.000
